1	29666.000000	100.000000
2	12825.000000	50.000000
3	4845.000000	33.333333
4	5393.000000	25.000000
5	5903.000000	20.000000
6	4972.000000	16.666667
7	3338.000000	14.285714
8	3081.000000	12.500000
9	1833.000000	11.111111
10	2695.000000	10.000000
11	1659.000000	9.090909
12	1670.000000	8.333333
13	864.000000	7.692308
14	1000.000000	7.142857
15	1523.000000	6.666667
16	11914.000000	6.250000
17	991.000000	5.882353
18	2237.000000	5.555556
19	1164.000000	5.263158
20	291.000000	5.000000
21	291.000000	4.761905
22	5967.000000	4.545455
23	274.000000	4.347826
24	274.000000	4.166667
25	274.000000	4.000000
26	274.000000	3.846154
27	709.000000	3.703704
28	271.000000	3.571429
29	271.000000	3.448276
30	271.000000	3.333333
31	271.000000	3.225806
32	271.000000	3.125000
33	318.000000	3.030303
34	270.000000	2.941176
35	270.000000	2.857143
36	270.000000	2.777778
37	270.000000	2.702703
38	22446.000000	2.631579
39	645.000000	2.564103
40	221.000000	2.500000
41	221.000000	2.439024
42	221.000000	2.380952
43	323.000000	2.325581
44	608.000000	2.272727
45	218.000000	2.222222
46	218.000000	2.173913
47	218.000000	2.127660
48	218.000000	2.083333
49	363.000000	2.040816
50	217.000000	2.000000
51	217.000000	1.960784
52	217.000000	1.923077
53	217.000000	1.886792
54	217.000000	1.851852
55	217.000000	1.818182
56	217.000000	1.785714
57	217.000000	1.754386
58	217.000000	1.724138
59	217.000000	1.694915
60	217.000000	1.666667
61	217.000000	1.639344
62	217.000000	1.612903
63	217.000000	1.587302
64	217.000000	1.562500
65	694.000000	1.538462
66	215.000000	1.515152
67	215.000000	1.492537
68	215.000000	1.470588
69	215.000000	1.449275
70	215.000000	1.428571
71	215.000000	1.408451
72	215.000000	1.388889
73	215.000000	1.369863
74	215.000000	1.351351
75	215.000000	1.333333
76	215.000000	1.315789
77	7745.000000	1.298701
78	185.000000	1.282051
79	185.000000	1.265823
80	185.000000	1.250000
81	185.000000	1.234568
82	185.000000	1.219512
83	185.000000	1.204819
84	185.000000	1.190476
85	185.000000	1.176471
86	185.000000	1.162791
87	185.000000	1.149425
88	185.000000	1.136364
89	185.000000	1.123596
90	185.000000	1.111111
91	185.000000	1.098901
92	185.000000	1.086957
93	765.000000	1.075269
94	181.000000	1.063830
95	181.000000	1.052632
96	3841.000000	1.041667
97	171.000000	1.030928
98	171.000000	1.020408
99	171.000000	1.010101
100	171.000000	1.000000
101	171.000000	0.990099
102	171.000000	0.980392
103	171.000000	0.970874
104	171.000000	0.961538
105	171.000000	0.952381
106	171.000000	0.943396
107	171.000000	0.934579
108	171.000000	0.925926
109	171.000000	0.917431
110	171.000000	0.909091
111	171.000000	0.900901
112	171.000000	0.892857
113	171.000000	0.884956
114	233.000000	0.877193
115	169.000000	0.869565
116	169.000000	0.862069
117	169.000000	0.854701
118	3953.000000	0.847458
119	158.000000	0.840336
120	158.000000	0.833333
121	158.000000	0.826446
122	158.000000	0.819672
123	158.000000	0.813008
124	158.000000	0.806452
125	158.000000	0.800000
126	158.000000	0.793651
127	158.000000	0.787402
128	158.000000	0.781250
129	158.000000	0.775194
130	233.000000	0.769231
131	153.000000	0.763359
132	153.000000	0.757576
133	153.000000	0.751880
134	9009.000000	0.746269
135	126.000000	0.740741
136	126.000000	0.735294
137	126.000000	0.729927
138	126.000000	0.724638
139	126.000000	0.719424
140	126.000000	0.714286
141	126.000000	0.709220
142	126.000000	0.704225
143	126.000000	0.699301
144	126.000000	0.694444
145	126.000000	0.689655
146	125.000000	0.684932
147	125.000000	0.680272
148	125.000000	0.675676
149	125.000000	0.671141
150	125.000000	0.666667
151	125.000000	0.662252
152	125.000000	0.657895
153	125.000000	0.653595
154	125.000000	0.649351
155	125.000000	0.645161
156	125.000000	0.641026
157	125.000000	0.636943
158	125.000000	0.632911
159	125.000000	0.628931
160	125.000000	0.625000
161	125.000000	0.621118
162	125.000000	0.617284
163	125.000000	0.613497
164	125.000000	0.609756
165	125.000000	0.606061
166	125.000000	0.602410
167	125.000000	0.598802
168	125.000000	0.595238
169	125.000000	0.591716
170	125.000000	0.588235
171	125.000000	0.584795
172	15604.000000	0.581395
173	141.000000	0.578035
174	141.000000	0.574713
175	141.000000	0.571429
176	141.000000	0.568182
177	141.000000	0.564972
178	141.000000	0.561798
179	141.000000	0.558659
180	141.000000	0.555556
181	141.000000	0.552486
182	141.000000	0.549451
183	141.000000	0.546448
184	141.000000	0.543478
185	141.000000	0.540541
186	141.000000	0.537634
187	141.000000	0.534759
188	141.000000	0.531915
189	141.000000	0.529101
190	141.000000	0.526316
191	141.000000	0.523560
192	141.000000	0.520833
193	141.000000	0.518135
194	141.000000	0.515464
195	141.000000	0.512821
196	141.000000	0.510204
197	141.000000	0.507614
198	141.000000	0.505051
199	141.000000	0.502513
200	141.000000	0.500000
201	141.000000	0.497512
202	141.000000	0.495050
203	141.000000	0.492611
204	141.000000	0.490196
205	141.000000	0.487805
206	141.000000	0.485437
207	141.000000	0.483092
208	141.000000	0.480769
209	141.000000	0.478469
210	141.000000	0.476190
211	141.000000	0.473934
212	141.000000	0.471698
213	141.000000	0.469484
214	141.000000	0.467290
215	141.000000	0.465116
216	141.000000	0.462963
217	141.000000	0.460829
218	141.000000	0.458716
219	141.000000	0.456621
220	141.000000	0.454545
221	141.000000	0.452489
222	141.000000	0.450450
223	141.000000	0.448430
224	141.000000	0.446429
225	141.000000	0.444444
226	141.000000	0.442478
227	141.000000	0.440529
228	141.000000	0.438596
229	141.000000	0.436681
230	141.000000	0.434783
231	141.000000	0.432900
232	141.000000	0.431034
233	141.000000	0.429185
234	141.000000	0.427350
235	141.000000	0.425532
236	141.000000	0.423729
237	141.000000	0.421941
238	141.000000	0.420168
239	140.000000	0.418410
240	140.000000	0.416667
241	140.000000	0.414938
242	140.000000	0.413223
243	140.000000	0.411523
244	140.000000	0.409836
245	140.000000	0.408163
246	140.000000	0.406504
247	140.000000	0.404858
248	140.000000	0.403226
249	154.000000	0.401606
250	77.000000	0.400000
